"coord.Dim.1"	"coord.Dim.2"	"coord.Dim.3"	"coord.Dim.4"	"coord.Dim.5"	"cor.Dim.1"	"cor.Dim.2"	"cor.Dim.3"	"cor.Dim.4"	"cor.Dim.5"	"cos2.Dim.1"	"cos2.Dim.2"	"cos2.Dim.3"	"cos2.Dim.4"	"cos2.Dim.5"	"contrib.Dim.1"	"contrib.Dim.2"	"contrib.Dim.3"	"contrib.Dim.4"	"contrib.Dim.5"
"QC_04"	-0.505424074642746	0.418686526850523	0.546613916539111	-0.477509560871668	0.143368252060674	-0.505424074642747	0.418686526850524	0.546613916539111	-0.477509560871669	0.143368252060674	0.255453495228477	0.175298407766154	0.298786773754227	0.228015380723854	0.0205544556989329	1.96277840964637	3.51674612957087	6.93789506671517	6.31019615485276	0.740145666604068
"QC_05"	-0.528469905668598	0.393399484774957	0.549598420811649	-0.469861937726548	0.143450422933502	-0.528469905668595	0.393399484774954	0.549598420811646	-0.469861937726545	0.143450422933501	0.279280441197374	0.154763154621199	0.302058424158655	0.220770240524143	0.0205780238398002	2.14585288695482	3.10477848572549	7.01386351376431	6.10969101487305	0.740994332099695
"QC_08"	-0.491689082358967	0.412194956362242	0.556066370288151	-0.482277113027296	0.153084730005375	-0.491689082358965	0.41219495636224	0.556066370288149	-0.482277113027294	0.153084730005374	0.241758153711001	0.169904682050469	0.309209808165437	0.232591213749941	0.0234349345608184	1.85755017380177	3.40853998967312	7.17992023440632	6.43682973489818	0.84386886796717
"QC_MA"	-0.488428121696083	0.393172044211547	0.569067280034831	-0.482211048720547	0.155690526259564	-0.488428121696082	0.393172044211547	0.56906728003483	-0.482211048720546	0.155690526259564	0.238562030063563	0.154584256349486	0.32383756920624	0.232527495508169	0.02423953996698	1.83299273925133	3.10118952098442	7.51958008576755	6.43506636874735	0.872841914659304
"SLOPE"	-0.485327133133053	-0.378268885472838	-0.132242956918887	0.166404247270352	-0.185470738626345	-0.485327133133092	-0.378268885472869	-0.132242956918898	0.166404247270366	-0.18547073862636	0.235542426155186	0.143087349716886	0.0174881996546535	0.027690373509617	0.0343993948866076	1.80979159513772	2.87054451731585	0.406079869551169	0.766315359481862	1.23868826458112
"wetindexws"	0.739365609441472	0.266591236530883	-0.0612513388502192	-0.00113265690225366	0.173048299256737	0.739365609441472	0.266591236530883	-0.0612513388502192	-0.00113265690225366	0.173048299256737	0.546661504424759	0.0710708873950654	0.00375172651094438	1.28291165822285e-06	0.0299457138756492	4.20027683438059	1.42578744072324	0.0871159205773826	3.55038514815711e-05	1.07831560626428
"pctcarbresidws"	-0.248353416213709	-0.0349603446726508	-0.148212655871622	0.144980803203246	0.719415739766218	-0.24835341621368	-0.0349603446726467	-0.148212655871604	0.144980803203229	0.719415739766134	0.0616794193450056	0.00122222569963026	0.0219669913605146	0.0210194332974534	0.517559006623254	0.473914175657107	0.0245196608081666	0.5100784049969	0.581700878027348	18.6367891018435
"pctglactilloamws"	-0.124912950740688	0.44591431420872	0.480267290407128	0.741090410026687	-0.0598866075832999	-0.12491295074071	0.445914314208798	0.480267290407212	0.741090410026817	-0.0598866075833104	0.0156032452627509	0.198839575616303	0.230656670235086	0.549214995833716	0.00358640576783741	0.119887625318034	3.98901688192581	5.35589897243822	15.1992130701629	0.129142932638473
"na2ows"	0.180211902931946	-0.415883325478875	0.382045494216137	-0.0420409382316111	-0.0316635736453165	0.180211902931946	-0.415883325478875	0.382045494216137	-0.0420409382316111	-0.0316635736453165	0.032476329958353	0.172958940411368	0.145958759650852	0.00176744048739414	0.00100258189599238	0.249532069270749	3.46981294363928	3.38919472840686	0.0489129116293813	0.0361019847279623
"rckdepws"	0.721659215894317	-0.134652366035257	0.251043420786513	0.0315524043989752	0.401477832845376	0.721659215894362	-0.134652366035266	0.251043420786529	0.0315524043989771	0.401477832845401	0.520792023885265	0.0181312596788951	0.0630227991202022	0.00099555422335659	0.16118445026624	4.00150853087236	0.363739968391785	1.46340335488292	0.0275513976830345	5.80409299744654
"pctglactilcrsws"	-0.124909650525922	0.44590479988902	0.48025393876889	0.741103151420587	-0.0598926044497629	-0.124909650525917	0.445904799889002	0.480253938768871	0.741103151420558	-0.0598926044497605	0.0156024207945066	0.198831090564051	0.230643845703014	0.549233881045482	0.00358712406777547	0.119881290511557	3.98884665919107	5.35560118396524	15.1997357076788	0.129168797910481
"pctcolluvsedws"	-0.697197484025642	0.384838661970081	-0.442112404025632	-0.0565680725218004	-0.242340181630598	-0.697197484025399	0.384838661969947	-0.442112404025477	-0.0565680725217806	-0.242340181630513	0.486084331731346	0.148100795746819	0.195463377793187	0.00319994682882943	0.0587287636327102	3.73483177725565	2.97112168254341	4.538702926761	0.0885567110031121	2.11476482493536
"sio2ws"	0.467998043270413	-0.0814209228861393	0.261951110627433	-0.100518579988034	-0.540124615437642	0.467998043270379	-0.0814209228861334	0.261951110627414	-0.100518579988027	-0.540124615437603	0.219022168504903	0.00662936668362968	0.0686183843589357	0.0101039849228094	0.291734600201618	1.68285809983114	0.132994930891012	1.59333408352772	0.279622043943729	10.505075069876
"k2ows"	0.194907756197634	-0.392586161512846	0.351965025036213	-0.0281768447507641	-0.458256792261554	0.194907756197593	-0.392586161512763	0.351965025036138	-0.0281768447507581	-0.458256792261456	0.0379890334259804	0.154123894211325	0.12387937884869	0.000793934580108325	0.20999928765376	0.291888958282566	3.09195397350865	2.87650661568239	0.0219716885707536	7.56186712134669
"clayws"	-0.475128577539398	-0.17713175876779	-0.202722756406886	0.220974437910185	0.566085111065531	-0.475128577539409	-0.177131758767794	-0.20272275640689	0.22097443791019	0.566085111065545	0.225747165194622	0.0313756599641721	0.0410965159652074	0.0488297022097244	0.32045235297009	1.73452965083354	0.6294422872849	0.954270203435161	1.35133427468018	11.5391730084194
"pcthydricws"	0.107541487512512	0.0487157065392377	-0.0130565612817099	0.00135358885751791	0.025588490397207	0.107541487512518	0.0487157065392404	-0.0130565612817106	0.00135358885751799	0.0255884903972084	0.011565171536405	0.00237322006361739	0.000170473792503064	1.83220279519686e-06	0.000654770840808026	0.0888610624615151	0.0476103153456988	0.00395843922122197	5.07051717145452e-05	0.0235776518503416
"pcteolcrsws"	0.103904059671021	0.10600022293461	0.0804065847507844	-0.11208210518101	-0.0362526458609118	0.103904059671021	0.10600022293461	0.0804065847507843	-0.11208210518101	-0.0362526458609118	0.0107960536161191	0.011236047262187	0.00646521887128505	0.0125623983018069	0.00131425433191668	0.0829515404678682	0.225411777691007	0.150123814212804	0.347657237893945	0.0473250015875762
"hydrlcondws"	0.719977304594242	0.203887588924262	0.0917568201442449	-0.147301712899229	0.108998766453734	0.719977304594232	0.203887588924259	0.0917568201442435	-0.147301712899226	0.108998766453733	0.518367319130775	0.0415701489173475	0.00841931404298305	0.0216977946230461	0.0118807310884353	3.98287829785298	0.833958860058725	0.195498336924338	0.600474142421793	0.427813402602066
"runoffws"	-0.0597742472514282	0.429141601982625	-0.259527076774633	0.000105722450911017	-0.225035154774317	-0.0597742472514352	0.429141601982675	-0.259527076774663	0.00010572245091103	-0.225035154774344	0.00357296063447571	0.184162514552257	0.067354303579202	1.11772366266351e-08	0.0506408208843128	0.027452863722187	3.69457326233961	1.56398184783259	3.0932367526853e-07	1.82352598773677
"pctglaclakecrsws"	-0.124911171005522	0.445910579480282	0.480261498940787	0.74109464013179	-0.0598888987135362	-0.124911171005542	0.445910579480352	0.480261498940861	0.741094640131905	-0.0598888987135455	0.0156028006419757	0.198836244892503	0.230651107364923	0.549221265632237	0.00358668018912131	0.119884209071738	3.98895006266514	5.3557698013611	15.1993865832766	0.129152814278113
"fe2o3ws"	0.846642421370987	0.19772661977199	-0.000413224734380586	-0.0497012781833374	0.0821447204250752	0.846642421371037	0.197726619772002	-0.000413224734380611	-0.0497012781833404	0.0821447204250801	0.716803389665013	0.0390958161664619	1.70754681103926e-07	0.00247021705305779	0.00674775509371458	5.50756299473339	0.784320074197213	3.96496151674972e-06	0.068361853925692	0.242980002247254
"bfiws"	0.347757099613063	-0.329808673475518	0.399555724975964	-0.0128406091230056	0.166553373357346	0.347757099613064	-0.329808673475519	0.399555724975965	-0.0128406091230056	0.166553373357347	0.120935000331291	0.108773761099682	0.159644777361069	0.000164881242649816	0.0277400261767118	0.929204775250897	2.1821630225898	3.7069870910393	0.00456299474216723	0.998890968795756
"p2o5ws"	-0.428623588712825	0.404736928262471	-0.296747411874968	-0.0734599960334146	-0.26564436973408	-0.428623588712845	0.404736928262489	-0.296747411874982	-0.0734599960334179	-0.265644369734092	0.183718180801078	0.163811981099355	0.0880590264545002	0.00539637101722978	0.070566931171423	1.41159970590074	3.28631136956437	2.04475009901512	0.149341502906417	2.54104555611186
"al2o3ws"	0.423513258981356	-0.480300848590462	0.449295184988175	-0.0286051349920082	-0.32398311823658	0.423513258981307	-0.480300848590407	0.449295184988123	-0.0286051349920049	-0.323983118236543	0.179363480532968	0.230688905156665	0.201866163253512	0.000818253747910824	0.104965060902274	1.37814034117774	4.62796168363983	4.68737702334046	0.0226447077270423	3.77968826368394
"omws"	0.425339362536656	0.465618199323519	-0.252298434942566	0.0568363124836347	0.186237191698916	0.425339362536648	0.465618199323511	-0.252298434942561	0.0568363124836336	0.186237191698913	0.180913573323082	0.216800307541269	0.0636545002744659	0.00323036641673725	0.0346842915718976	1.39005048810525	4.34933581058326	1.47807159560458	0.0893985558208843	1.24894711308292
"compstrgthws"	-0.789221024063967	-0.441210952875604	0.132122360994967	0.103405121397512	0.079997357210202	-0.78922102406401	-0.441210952875628	0.132122360994974	0.103405121397518	0.0799973572102064	0.622869824824645	0.19466710493742	0.0174563182748862	0.0106926191312355	0.00639957716061736	4.7858239054136	3.90531092990078	0.405339576851389	0.295912161333252	0.230442458458032
"kffactws"	-0.215106709537826	-0.295440863022802	0.181372026663702	0.0213225337807758	0.152550858191152	-0.215106709537824	-0.295440863022799	0.1813720266637	0.0213225337807755	0.152550858191151	0.0462708964881897	0.087285303543656	0.0328958120560979	0.000454650446832314	0.0232717643348565	0.355522701072359	1.75107268410024	0.763848042240751	0.0125821928867068	0.837993269146493
"pctglactilclayws"	-0.124933519501245	0.445956754460624	0.48033545982435	0.741016219758242	-0.0598571735942578	-0.124933519501203	0.445956754460474	0.480335459824189	0.741016219757994	-0.0598571735942377	0.0156083842949576	0.19887742684892	0.230722153964515	0.549105037944427	0.00358288123069071	0.119927111101871	3.98977623381164	5.35741951914545	15.1961700480456	0.129016017533962
"wtdepws"	-0.758061500908075	-0.324196914220278	0.135317648507111	-0.0465567058872045	-0.14375524676441	-0.758061500908099	-0.324196914220289	0.135317648507115	-0.046556705887206	-0.143755246764415	0.57465723915904	0.105103639189957	0.0183108659974951	0.0021675268630678	0.0206655709722978	4.41538222430457	2.10853493214921	0.42518236424948	0.0599850748377116	0.744146817949462
"caows"	-0.61544395724897	0.200452594626525	-0.226804353677307	0.0273050196407212	0.273480310188882	-0.615443957248917	0.200452594626507	-0.226804353677288	0.0273050196407189	0.273480310188858	0.378771264514207	0.0401812426924989	0.0514402148469722	0.000745564097580043	0.074791480060994	2.91029120395529	0.806095340630363	1.19445318256023	0.0206330629399269	2.69316739284577
"mgows"	-0.757885274756423	-0.235363905742556	0.0221815734266062	0.0856785710577768	0.189134672187999	-0.757885274756478	-0.235363905742573	0.0221815734266078	0.085678571057783	0.189134672188012	0.574390089692702	0.0553961681263986	0.000492022199679995	0.00734081753850357	0.0357719242236668	4.41332957983282	1.11132931744264	0.011424864457627	0.203152955988676	1.28811169159818
"pctalluvcoastws"	0.796291906189579	0.333615643777038	-0.0856962041922045	-0.052736338692204	0.112705278899075	0.796291906189615	0.333615643777053	-0.0856962041922083	-0.0527363386922063	0.11270527889908	0.63408079986309	0.111299397772777	0.00734383941295266	0.0027811214186591	0.0127024798917193	4.87196349703236	2.23283104124419	0.170525577801442	0.0769659556582878	0.457403766107445
"permws"	0.308296342568152	0.515871909730574	-0.227003757250542	-0.166503811209102	-0.315930988754324	0.308296342568147	0.515871909730567	-0.227003757250539	-0.1665038112091	-0.315930988754319	0.0950466348408965	0.266123827249062	0.0515307058058617	0.0277235191471556	0.0998123896552817	0.730291369113606	5.33883879146935	1.19655440266888	0.767232646175049	3.59414565672936
"pctsilicicws"	-0.326331708124575	-0.535221189723265	0.263886303453531	0.0786518885914833	-0.0430573919592034	-0.326331708124519	-0.535221189723172	0.263886303453485	0.0786518885914697	-0.0430573919591959	0.106492383727466	0.286461721928687	0.0696359811503448	0.00618611957900495	0.00185393900232783	0.818234846953934	5.7468471317044	1.61696290641842	0.171197345797411	0.0667585140088595
"elevws"	-0.935062294872965	-0.128910386415233	0.0236392407629868	-0.0403065632932982	-0.142206347584956	-0.935062294872966	-0.128910386415233	0.0236392407629868	-0.0403065632932982	-0.142206347584956	0.874341495293097	0.0166178877257247	0.000558813703850459	0.00162461904451666	0.0202226452934533	6.71800794146233	0.333379481797948	0.0129757779785327	0.0449604093165329	0.728197501332896
"pctcoastcrsws"	0.0560730472011297	0.0347253431393047	0.008943623424876	-0.0215576377488427	-0.0264762849459605	0.0560730472011224	0.0347253431393002	0.00894362342487484	-0.0215576377488399	-0.0264762849459571	0.00314418662241931	0.00120584945614214	7.998839996597e-05	0.000464731745310207	0.000700993664539512	0.0241583761179919	0.024191129068275	0.00185734836433883	0.0128611870961758	0.0252420901202895
"pctnoncarbresidws"	-0.0929382037679286	-0.401357693949463	0.311260919716759	-0.00107839811381505	-0.126975225912879	-0.0929382037679386	-0.401357693949506	0.311260919716792	-0.00107839811381516	-0.126975225912893	0.00863750971961088	0.161087998492466	0.0968833601429433	1.1629424918801e-06	0.0161227079956302	0.0663663559412102	3.2316642372148	2.24965308181706	3.21837729423287e-05	0.580562805051822
"sandws"	0.570725249831699	0.179872275865334	0.209922486306144	-0.25405292499762	-0.368445748549805	0.570725249831722	0.179872275865342	0.209922486306152	-0.25405292499763	-0.36844574854982	0.325727310795482	0.0323540356249776	0.0440674502569566	0.0645428886998514	0.135752269624438	2.50272767843588	0.649069954542379	1.02325595574027	1.7861877861218	4.88830526898374
"sws"	-0.341796135816307	0.361926371561312	-0.330133210397394	-0.0192249238646651	-0.107364889605845	-0.341796135816326	0.361926371561332	-0.330133210397412	-0.0192249238646662	-0.107364889605851	0.116824598458972	0.130990698431552	0.108987936607302	0.000369597697602212	0.0115272195200765	0.8976224786659	2.62786774614297	2.53072402843765	0.0102284063594648	0.415083799870239
"nws"	0.840873750091719	0.308255298521932	-0.0606541567850027	-0.0808158601681796	-0.0555823038603979	0.840873750091723	0.308255298521934	-0.060654156785003	-0.0808158601681801	-0.0555823038603982	0.707068663593318	0.0950213290668465	0.00367892673529973	0.00653120325472283	0.00308939250242963	5.43276617059871	1.90626883313329	0.0854254936620375	0.18074734052448	0.111245975403332
"precip9120ws"	0.263818205509105	-0.0457575458862675	0.188321390968398	-0.116776946898839	-0.268347103321779	0.263818205509104	-0.0457575458862674	0.188321390968398	-0.116776946898839	-0.268347103321778	0.0696000455580439	0.00209375300553387	0.0354649462962722	0.0136368553270142	0.0720101678611892	0.534772353024766	0.042003791547902	0.823503908351118	0.377392225803506	2.5930150851262
"tmax9120ws"	0.812965505157998	-0.184612026302525	0.203169405342073	-0.0385171321132293	0.288071204746435	0.812965505157993	-0.184612026302524	0.203169405342071	-0.0385171321132291	0.288071204746433	0.66091291257679	0.0340816002555238	0.0412778072670509	0.00148356946622794	0.0829850190040614	5.07812819042469	0.68372746401715	0.958479827619364	0.0410569423498075	2.98820864480989
"tmean9120ws"	0.894660741782915	-0.17231184544095	0.16468641566984	0.000775948376249769	0.245723053526031	0.894660741782918	-0.172311845440951	0.16468641566984	0.000775948376249772	0.245723053526032	0.800417842887561	0.0296913720792662	0.0271216155061795	6.02095882604657e-07	0.060379819034157	6.15001513019145	0.595652973532416	0.629769919388895	1.66626615766148e-05	2.1742177006803
"tmin9120ws"	0.908681739512178	-0.134736271842838	0.119851007622055	0.0273172101188416	0.191809365529459	0.90868173951218	-0.134736271842838	0.119851007622056	0.0273172101188417	0.19180936552946	0.825702503722881	0.0181538629501072	0.014364264028022	0.000746229968676947	0.0367908327048139	6.34428996811611	0.364193423546178	0.333541392360908	0.020651490544333	1.32480158054669
"wsareasqkmws"	-0.46950564395794	0.348871752441408	0.501551423115236	-0.441052080229998	0.157738571414324	-0.46950564395794	0.348871752441408	0.501551423115236	-0.441052080229999	0.157738571414325	0.22043554970836	0.121711499651539	0.251553830028919	0.194526937475209	0.024881456911832	1.69371782249103	2.44171325215231	5.84113565149488	5.38342250849279	0.895956710400478
