"Variable"	"N"	"NumNAs"	"Min"	"Max"	"Mean"	"Median"	"SD"	"Kurtosis"	"Skewness"	"SkewnessSq"
"QC_04"	67353	0	-12	4.1497380154483	0.640626369858665	0.462996612028206	1.04614528416589	8.07017123415006	0.191045169145689	0.0364982566539049
"QC_05"	67353	0	-12	3.94962782753972	0.469152491213722	0.30016053695157	1.05509999390392	10.9733939511	-0.0962989394662434	0.00927348574232322
"QC_08"	67353	0	-12	3.90046408295353	0.249052938279134	0.0777311796527552	1.13704493914658	16.4846145956606	-0.762902369517344	0.582020025415178
"QC_MA"	67353	0	-12	3.96558275308184	0.56238680660211	0.390228362469307	1.02748313055444	8.22611253549476	0.174386314236658	0.0304105865930465
"SLOPE"	67157	196	-6.83772230820884	0.532486913003897	-4.43496158345104	-4.23629520390369	1.36116416955735	2.53337062633498	-0.326142420581519	0.106368878502773
"al2o3ws"	67343	10	0.0821205000010791	142.895419005017	85.5022556339551	94.4566024050138	25.6852252969535	4.38480681293038	-1.39416730953109	1.94370248696516
"bfiws"	67300	53	25	68	45.1859507800892	43	11.7450447078823	1.74364174770899	0.222720747136572	0.0496045312050727
"caows"	67343	10	-0.861809815644171	3.23362640299881	1.25702314414677	1.31985165336772	0.710644979049404	3.19553773041522	-0.136421798160486	0.0186109070133405
"clayws"	67329	24	2.71	53.35	27.4081869728806	27.5206810035842	9.13445665395917	1.90181911622937	-0.102313899760689	0.0104681340842404
"compstrgthws"	67343	10	0.3557	224.0067	82.6350747382802	109.1461	56.8184666444607	1.52619309805114	-0.372104069317206	0.138461438402424
"elevws"	67353	0	-4.98009464147232	17.255321388026	8.36068495558399	8.36833667096542	3.79652413906278	2.57142785339269	0.0338743547902593	0.00114747191245636
"fe2o3ws"	67343	10	-0.317554973721445	4.28352174315246	1.85084850522163	1.90646742686778	0.624612044160221	4.54697434470489	-0.0037199743546261	1.38382091990759e-05
"hydrlcondws"	67343	10	-9.3690426555198	7.33212048552188	-0.131763387234108	-0.28760702981507	2.30812882153163	3.11633666216754	-0.10834557787552	0.0117387642451804
"k2ows"	67343	10	0.1149	11.8828	2.44508173975023	2.3515	0.784982787945485	6.03183222272944	0.658696717601402	0.433881365778861
"kffactws"	67335	18	0	0.39	0.235192816514443	0.2455	0.0697500572356866	3.04864081796288	-0.146817723831181	0.0215554440309688
"mgows"	67343	10	0.175	33.8127	2.45439838884517	2.3783	1.19242552927177	21.7486317177618	1.60555230543161	2.57779820547676
"na2ows"	67343	10	0.1498	4.6	1.94139208826456	1.9579	0.929509211024419	1.92290717266542	0.206503948764567	0.0426438808553588
"nws"	67343	10	3e-04	1.17	0.283740808992768	0.0342	0.359309293619873	2.01025715312157	0.84393955987948	0.71223398072957
"omws"	67329	24	-3.84652231575511	0.898174473906117	-0.895750272232427	-1.07662641393563	0.833784541437247	2.68442198310527	0.249289301747443	0.0621451559657278
"p2o5ws"	67343	10	-92.2846813899987	-0.422911402058244	-9.16910162611942	-9.49229724469724	3.23073812293373	20.3729976380482	-0.635823869600117	0.404271993153267
"pctalluvcoastws"	67263	90	0	100	31.1341438829669	0	44.5857427067044	1.72526858342141	0.81196215408036	0.659282539658818
"pctcarbresidws"	67263	90	0	44.84	0.00727636293355931	0	0.200786225937444	37213.6489527839	170.632397167704	29115.4149631971
"pctcoastcrsws"	67263	90	0	100	2.35063749758411	0	13.9326226975447	42.8369277814806	6.36645666916391	40.5317705203417
"pctcolluvsedws"	67263	90	0	100	8.06741120675557	0	24.9478649709129	10.8783594521152	3.0698385301479	9.42390860118064
"pcteolcrsws"	67263	90	0	100	0.669224536520821	0	7.58742249546994	153.453616713415	12.2218829672157	149.374423264317
"pcthydricws"	67263	90	0	100	0.344758188008266	0	4.06216498364414	288.029079305475	15.6474086533466	244.841397564825
"pctnoncarbresidws"	67263	90	0	100	12.2295899677386	0	29.4134967544636	6.87969819209156	2.34260146025007	5.48778160156576
"pctsilicicws"	67263	90	0	100	44.9465954536669	18.53	46.8218661263488	1.13514056936647	0.191938822259646	0.0368405114904199
"permws"	67329	24	0.52	29.7897987140062	7.73925221943084	6.62	4.74015115587043	3.21089803764847	1.07898785092336	1.16421478244021
"precip9120ws"	67353	0	0.499999493818626	0.499999923433414	0.499999691941077	0.49999967047546	5.84050150151688e-08	4.26054700475576	1.21722037713714	1.48162544651787
"rckdepws"	67329	24	1116.68733398795	11612.3800000002	10372.7582111785	10993.0972535104	1804.42381723417	7.50225914444856	-2.12158210303602	4.50111061992272
"runoffws"	67353	0	0.499995086526272	0.499999617283185	0.499997023037541	0.499996661525416	1.08535687198968e-06	2.43987496574153	0.727761175666278	0.529636328807163
"sandws"	67329	24	12.99	94.09	41.7795367824518	39.3360196078431	15.3176139386512	2.68694897627033	0.603627794627123	0.364366514446404
"sio2ws"	67343	10	14.6723369800055	2875.33004804507	1945.59303166879	1971.80309860506	407.00177999213	9.94409464764168	-1.82320471662396	3.32407543871984
"sws"	67343	10	-17.8652525872202	-0.0791217260209054	-4.36685677857679	-4.77589200998989	2.01146639303029	3.6408166750933	-0.0453028406561306	0.00205234737151476
"tmax9120ws"	67353	0	12.6152496047129	23.9437007228381	21.2262664315897	21.5449698464246	1.77549744395205	5.47073133489565	-1.56736578619441	2.45663550773281
"tmean9120ws"	67353	0	8.16887105263366	17.8407021931274	15.170181905517	15.4253457516554	1.72886886395961	4.04617052780031	-1.18159833480021	1.39617462480264
"tmin9120ws"	67353	0	3.67072875306072	14.675570467722	9.11426322207734	9.3364962842831	1.76104768830742	3.12678094104888	-0.692183137028742	0.47911749518695
"wetindexws"	67349	4	503.1	2031	807.278202040119	783.0203	141.186402277487	3.37259902385685	0.441948115912047	0.195318137158209
"wsareasqkmws"	67353	0	-10.1639563677029	6.36906020715493	1.76735130028222	1.50857369238026	1.83405964927277	3.56161633691431	0.0852369583084987	0.00726533906168474
"wtdepws"	67329	24	11.58	182.88	131.737117591782	152.4	50.01337900373	2.59751106081175	-0.967797426274619	0.936631858303776
